behavior_label	behavior_label_5s	start_frames_single
{'behavior_label': array([0., 0., 0., ..., 0., 0., 0.]), 'behavior_label_5s': array([[0.],
       [0.],
       [0.],
       [0.],
       [0.],
       [0.],
       [0.],
       [0.],
       [0.],
       [0.],
       [0.],
       [0.],
       [0.],
       [0.],
       [0.],
       [0.],
       [0.],
       [0.],
       [0.],
       [0.],
       [0.],
       [0.],
       [0.],
       [0.],
       [0.],
       [0.],
       [0.],
       [0.],
       [0.],
       [0.],
       [0.],
       [0.],
       [0.],
       [0.],
       [0.],
       [1.],
       [1.]]), 'start_frames_single': array([   0.,  150.,  300.,  450.,  600.,  750.,  900., 1050., 1200.,
       1350., 1500., 1650., 1800., 1950., 2100., 2250., 2400., 2550.,
       2700., 2850., 3000., 3150., 3300., 3450., 3600., 3750., 3900.,
       4050., 4200., 4350., 4500., 4650., 4800., 4950., 5100., 5250.,
       5400.])}
{'behavior_label': array([0., 0., 0., ..., 0., 0., 0.]), 'behavior_label_5s': array([[0.],
       [0.],
       [0.],
       [0.],
       [0.],
       [0.],
       [0.],
       [0.],
       [0.],
       [0.],
       [0.],
       [0.],
       [0.],
       [0.],
       [0.],
       [0.],
       [0.],
       [0.],
       [0.],
       [0.],
       [0.],
       [0.],
       [0.],
       [0.],
       [0.],
       [0.],
       [0.],
       [0.],
       [0.],
       [1.],
       [0.],
       [0.],
       [0.],
       [0.],
       [0.],
       [0.],
       [0.]]), 'start_frames_single': array([   0.,  150.,  300.,  450.,  600.,  750.,  900., 1050., 1200.,
       1350., 1500., 1650., 1800., 1950., 2100., 2250., 2400., 2550.,
       2700., 2850., 3000., 3150., 3300., 3450., 3600., 3750., 3900.,
       4050., 4200., 4350., 4500., 4650., 4800., 4950., 5100., 5250.,
       5400.])}
{'behavior_label': array([0., 0., 0., ..., 0., 0., 0.]), 'behavior_label_5s': array([[0.],
       [0.],
       [0.],
       [0.],
       [0.],
       [0.],
       [0.],
       [0.],
       [0.],
       [0.],
       [0.],
       [0.],
       [0.],
       [0.],
       [0.],
       [0.],
       [0.],
       [0.],
       [0.],
       [0.],
       [0.],
       [0.],
       [0.],
       [0.],
       [0.],
       [0.],
       [0.],
       [0.],
       [0.],
       [0.],
       [0.],
       [0.],
       [0.],
       [0.],
       [0.],
       [0.],
       [0.],
       [0.]]), 'start_frames_single': array([   0.,  150.,  300.,  450.,  600.,  750.,  900., 1050., 1200.,
       1350., 1500., 1650., 1800., 1950., 2100., 2250., 2400., 2550.,
       2700., 2850., 3000., 3150., 3300., 3450., 3600., 3750., 3900.,
       4050., 4200., 4350., 4500., 4650., 4800., 4950., 5100., 5250.,
       5400., 5550.])}
{'behavior_label': array([0., 0., 0., ..., 0., 0., 0.]), 'behavior_label_5s': array([[0.],
       [0.],
       [0.],
       [0.],
       [0.],
       [0.],
       [0.],
       [0.],
       [0.],
       [0.],
       [0.],
       [0.],
       [0.],
       [0.],
       [0.],
       [0.],
       [0.],
       [0.],
       [0.],
       [0.],
       [0.],
       [1.],
       [0.],
       [0.],
       [0.],
       [0.],
       [0.],
       [0.],
       [0.],
       [0.],
       [0.],
       [0.],
       [0.]]), 'start_frames_single': array([   0.,  150.,  300.,  450.,  600.,  750.,  900., 1050., 1800.,
       1950., 2100., 2250., 2400., 2550., 2700., 3300., 3450., 3600.,
       3750., 3900., 4050., 4200., 4350., 4500., 4650., 4800., 4950.,
       5100., 5250., 5400., 5550., 5700., 5850.])}
{'behavior_label': array([0., 0., 0., ..., 0., 0., 0.]), 'behavior_label_5s': array([[0.],
       [0.],
       [0.],
       [1.],
       [0.],
       [0.],
       [0.],
       [0.],
       [0.],
       [0.],
       [0.],
       [0.],
       [0.],
       [0.],
       [0.],
       [0.],
       [0.],
       [0.],
       [0.],
       [0.],
       [0.],
       [0.],
       [0.],
       [0.],
       [0.],
       [0.],
       [0.],
       [0.],
       [0.],
       [0.],
       [0.],
       [0.],
       [0.],
       [0.],
       [0.],
       [0.],
       [0.],
       [0.]]), 'start_frames_single': array([2250., 2400., 2550., 2700., 2850., 3000., 3150., 3300., 3450.,
       3600., 3750., 3900., 4050., 4200., 4350., 4500., 4650., 4800.,
       4950., 5100., 5250., 5400., 5550., 5700., 5850., 6000., 6150.,
       6300., 6450., 6600., 6750., 6900., 7050., 7200., 7350., 7500.,
       7650., 7800.])}
{'behavior_label': array([1., 1., 1., ..., 0., 0., 0.]), 'behavior_label_5s': array([[1.],
       [1.],
       [1.],
       [1.],
       [1.],
       [1.],
       [1.],
       [0.],
       [0.],
       [0.],
       [0.],
       [0.],
       [0.],
       [0.],
       [0.],
       [0.],
       [0.],
       [0.],
       [0.],
       [0.],
       [0.],
       [0.],
       [0.],
       [0.],
       [0.],
       [0.],
       [0.],
       [0.],
       [0.],
       [0.],
       [0.],
       [0.],
       [0.],
       [0.],
       [0.],
       [0.],
       [0.],
       [0.],
       [0.],
       [0.],
       [0.],
       [0.],
       [0.],
       [0.],
       [0.]]), 'start_frames_single': array([   0.,  150.,  300.,  450.,  600.,  750.,  900., 1050., 1200.,
       1350., 1500., 1650., 1800., 1950., 2100., 2250., 2400., 2550.,
       2700., 2850., 3000., 3150., 3300., 3450., 3600., 3750., 3900.,
       4050., 4200., 4350., 4500., 4650., 4800., 4950., 5100., 5250.,
       5400., 5550., 5700., 5850., 6000., 6150., 6300., 6450., 6600.])}
{'behavior_label': array([0., 0., 0., ..., 0., 0., 0.]), 'behavior_label_5s': array([[0.],
       [0.],
       [0.],
       [0.],
       [0.],
       [1.],
       [1.],
       [0.],
       [0.],
       [0.],
       [0.],
       [0.],
       [0.],
       [0.],
       [0.],
       [1.],
       [0.],
       [1.],
       [1.],
       [1.],
       [0.],
       [1.],
       [0.],
       [0.],
       [0.],
       [0.],
       [0.],
       [0.],
       [0.],
       [1.],
       [1.],
       [0.],
       [0.],
       [0.],
       [0.],
       [1.],
       [0.],
       [0.]]), 'start_frames_single': array([   0.,  150.,  300.,  450.,  600.,  750.,  900., 1050., 1200.,
       1350., 1500., 1650., 1800., 1950., 2100., 2250., 2400., 2550.,
       2700., 2850., 3000., 3150., 3300., 3450., 3600., 3750., 3900.,
       4050., 4200., 4350., 4500., 4650., 4800., 4950., 5100., 5250.,
       5400., 5550.])}
{'behavior_label': array([0., 0., 0., ..., 0., 0., 0.]), 'behavior_label_5s': array([[0.],
       [0.],
       [1.],
       [1.],
       [0.],
       [0.],
       [1.],
       [0.],
       [1.],
       [0.],
       [0.],
       [0.],
       [0.],
       [0.],
       [0.],
       [0.],
       [0.],
       [0.],
       [0.],
       [0.],
       [0.],
       [1.],
       [0.],
       [0.],
       [0.],
       [1.],
       [0.],
       [0.],
       [0.],
       [1.],
       [0.],
       [0.],
       [0.],
       [1.],
       [1.],
       [0.]]), 'start_frames_single': array([   0.,  150.,  300.,  450.,  600.,  750.,  900., 1050., 1200.,
       1350., 1500., 1650., 1800., 1950., 2100., 2250., 2400., 2550.,
       2700., 2850., 3000., 3150., 3300., 3450., 3600., 3750., 3900.,
       4050., 4200., 4350., 4500., 4650., 4800., 4950., 5100., 5250.])}
{'behavior_label': array([0., 0., 0., ..., 0., 0., 0.]), 'behavior_label_5s': array([[0.],
       [0.],
       [0.],
       [0.],
       [1.],
       [1.],
       [1.],
       [1.],
       [1.],
       [0.],
       [1.],
       [1.],
       [0.],
       [0.],
       [1.],
       [1.],
       [1.],
       [1.],
       [0.],
       [1.],
       [1.],
       [1.],
       [0.],
       [1.],
       [1.],
       [1.],
       [1.],
       [1.],
       [0.],
       [1.],
       [0.],
       [1.],
       [0.],
       [1.],
       [1.],
       [0.],
       [0.],
       [0.],
       [0.],
       [1.],
       [0.]]), 'start_frames_single': array([   0.,  150.,  300.,  450.,  600.,  750.,  900., 1050., 1200.,
       1350., 1500., 1650., 1800., 1950., 2100., 2250., 2400., 2550.,
       2700., 2850., 3000., 3150., 3300., 3450., 3600., 3750., 3900.,
       4050., 4200., 4350., 4500., 4650., 4800., 4950., 5100., 5250.,
       5400., 5550., 5700., 5850., 6000.])}
{'behavior_label': array([0., 0., 0., ..., 0., 0., 0.]), 'behavior_label_5s': array([[0.],
       [0.],
       [0.],
       [0.],
       [0.],
       [0.],
       [0.],
       [0.],
       [0.],
       [0.],
       [1.],
       [0.],
       [0.],
       [0.],
       [0.],
       [0.],
       [0.],
       [0.],
       [0.],
       [0.],
       [1.],
       [0.],
       [0.],
       [0.],
       [0.],
       [0.],
       [0.],
       [0.],
       [0.],
       [0.],
       [0.],
       [0.],
       [0.],
       [0.],
       [0.],
       [0.],
       [0.]]), 'start_frames_single': array([   0.,  150.,  300.,  450.,  600.,  750.,  900., 1050., 1200.,
       1350., 1500., 1650., 1800., 1950., 2100., 2250., 2400., 2550.,
       2700., 2850., 3000., 3150., 3300., 3450., 3600., 3750., 3900.,
       4050., 4200., 4350., 4500., 4650., 4800., 4950., 5100., 5250.,
       5400.])}
{'behavior_label': array([0., 0., 0., ..., 1., 1., 1.]), 'behavior_label_5s': array([[0.],
       [0.],
       [0.],
       [0.],
       [0.],
       [0.],
       [0.],
       [0.],
       [0.],
       [1.],
       [1.],
       [0.],
       [0.],
       [0.],
       [0.],
       [0.],
       [0.],
       [0.],
       [1.],
       [1.],
       [1.],
       [1.],
       [1.],
       [1.],
       [1.],
       [0.],
       [1.],
       [1.],
       [1.],
       [1.],
       [1.],
       [1.],
       [1.],
       [1.],
       [0.],
       [1.],
       [1.],
       [0.],
       [0.]]), 'start_frames_single': array([   0.,  150.,  300.,  450.,  600.,  750.,  900., 1050., 1200.,
       1350., 1500., 1650., 1800., 1950., 2100., 2250., 2400., 2550.,
       2700., 2850., 3000., 3150., 3300., 3450., 3600., 3750., 3900.,
       4050., 4200., 4350., 4500., 4650., 4800., 4950., 5100., 5250.,
       5400., 5550., 5700.])}
{'behavior_label': array([0., 0., 0., ..., 0., 0., 0.]), 'behavior_label_5s': array([[0.],
       [0.],
       [0.],
       [0.],
       [0.],
       [1.],
       [1.],
       [0.],
       [0.],
       [0.],
       [0.],
       [0.],
       [0.],
       [0.],
       [0.],
       [0.],
       [0.],
       [0.],
       [0.],
       [0.],
       [0.],
       [0.],
       [0.],
       [0.],
       [0.],
       [0.],
       [0.],
       [0.],
       [0.],
       [0.],
       [0.],
       [0.],
       [0.],
       [0.],
       [0.],
       [0.],
       [0.]]), 'start_frames_single': array([   0.,  150.,  300.,  450.,  600.,  750.,  900., 1050., 1200.,
       1350., 1500., 1650., 1800., 1950., 2100., 2250., 2400., 2550.,
       2700., 2850., 3000., 3150., 3300., 3450., 3600., 3750., 3900.,
       4050., 4200., 4350., 4500., 4650., 4800., 4950., 5100., 5250.,
       5400.])}
{'behavior_label': array([0., 0., 0., ..., 0., 0., 0.]), 'behavior_label_5s': array([[0.],
       [0.],
       [0.],
       [0.],
       [0.],
       [0.],
       [0.],
       [0.],
       [0.],
       [0.],
       [0.],
       [0.],
       [0.],
       [0.],
       [0.],
       [0.],
       [0.],
       [0.],
       [0.],
       [0.],
       [0.],
       [0.],
       [0.],
       [0.],
       [0.],
       [0.],
       [0.],
       [0.],
       [0.],
       [0.],
       [0.],
       [0.],
       [0.],
       [0.],
       [0.],
       [0.],
       [0.],
       [0.]]), 'start_frames_single': array([   0.,  150.,  300.,  450.,  600.,  750.,  900., 1050., 1200.,
       1350., 1500., 1650., 1800., 1950., 2100., 2250., 2400., 2550.,
       2700., 2850., 3000., 3150., 3300., 3450., 3600., 3750., 3900.,
       4050., 4200., 4350., 4500., 4650., 4800., 4950., 5100., 5250.,
       5400., 5550.])}
{'behavior_label': array([0., 0., 0., ..., 0., 0., 0.]), 'behavior_label_5s': array([[0.],
       [0.],
       [0.],
       [0.],
       [0.],
       [0.],
       [0.],
       [1.],
       [0.],
       [0.],
       [1.],
       [0.],
       [0.],
       [0.],
       [0.],
       [0.],
       [0.],
       [0.],
       [0.],
       [0.],
       [0.],
       [0.]]), 'start_frames_single': array([   0.,  150.,  300.,  450.,  600.,  750.,  900., 1050., 1200.,
       1350., 1500., 1650., 1800., 1950., 2100., 2250., 2400., 2550.,
       2700., 2850., 3000., 3150.])}
{'behavior_label': array([0., 0., 0., ..., 1., 1., 1.]), 'behavior_label_5s': array([[0.],
       [0.],
       [0.],
       [0.],
       [0.],
       [0.],
       [0.],
       [0.],
       [0.],
       [0.],
       [0.],
       [0.],
       [0.],
       [0.],
       [0.],
       [0.],
       [0.],
       [0.],
       [0.],
       [0.],
       [0.],
       [0.],
       [0.],
       [0.],
       [0.],
       [1.],
       [1.],
       [1.],
       [1.],
       [1.],
       [0.],
       [1.],
       [0.],
       [0.],
       [1.],
       [1.],
       [0.]]), 'start_frames_single': array([   0.,  150.,  300.,  450.,  600.,  750.,  900., 1050., 1200.,
       1350., 1500., 1650., 1800., 1950., 2100., 2250., 2400., 2550.,
       2700., 2850., 3000., 3150., 3300., 3450., 3600., 3750., 3900.,
       4050., 4200., 4350., 4500., 4650., 4800., 4950., 5100., 5250.,
       5400.])}
{'behavior_label': array([0., 0., 0., ..., 0., 0., 0.]), 'behavior_label_5s': array([[1.],
       [0.],
       [0.],
       [0.],
       [0.],
       [0.],
       [0.],
       [0.],
       [0.],
       [1.],
       [0.],
       [0.],
       [0.],
       [0.],
       [0.],
       [0.],
       [0.],
       [0.],
       [0.],
       [0.],
       [0.],
       [0.],
       [0.],
       [0.],
       [0.],
       [0.],
       [1.],
       [0.],
       [0.],
       [0.],
       [0.],
       [0.],
       [0.],
       [0.],
       [0.],
       [0.],
       [0.]]), 'start_frames_single': array([   0.,  150.,  300.,  450.,  600.,  750.,  900., 1050., 1200.,
       1350., 1500., 1650., 1800., 1950., 2100., 2250., 2400., 2550.,
       2700., 2850., 3000., 3150., 3300., 3450., 3600., 3750., 3900.,
       4050., 4200., 4350., 4500., 4650., 4800., 4950., 5100., 5250.,
       5400.])}
{'behavior_label': array([0., 0., 0., ..., 0., 0., 0.]), 'behavior_label_5s': array([[0.],
       [0.],
       [0.],
       [0.],
       [0.],
       [0.],
       [0.],
       [0.],
       [0.],
       [0.],
       [0.],
       [0.],
       [0.],
       [0.],
       [0.],
       [0.],
       [0.],
       [0.],
       [0.],
       [0.],
       [0.],
       [0.],
       [0.],
       [0.],
       [0.],
       [0.],
       [0.],
       [0.],
       [0.],
       [0.],
       [0.],
       [0.],
       [0.],
       [0.],
       [0.],
       [0.],
       [0.],
       [0.],
       [0.],
       [0.],
       [0.]]), 'start_frames_single': array([   0.,  150.,  300.,  450.,  600.,  750.,  900., 1050., 1200.,
       1350., 1500., 1650., 1800., 1950., 2100., 2250., 2400., 2550.,
       2700., 2850., 3000., 3150., 3300., 3450., 3600., 3750., 3900.,
       4050., 4200., 4350., 4500., 4650., 4800., 4950., 5100., 5250.,
       5400., 5550., 5700., 5850., 6000.])}
{'behavior_label': array([0., 0., 0., ..., 0., 0., 0.]), 'behavior_label_5s': array([[0.],
       [0.],
       [0.],
       [0.],
       [0.],
       [0.],
       [0.],
       [0.],
       [0.],
       [0.],
       [0.],
       [0.],
       [0.],
       [0.],
       [0.],
       [0.],
       [0.],
       [0.],
       [0.],
       [0.],
       [0.],
       [0.],
       [0.],
       [0.],
       [0.],
       [0.],
       [0.],
       [0.],
       [0.],
       [0.],
       [0.],
       [0.],
       [0.],
       [0.],
       [0.],
       [0.],
       [0.],
       [0.]]), 'start_frames_single': array([ 600.,  750.,  900., 1050., 1200., 1350., 1500., 1650., 1800.,
       1950., 2100., 2250., 2400., 2550., 2700., 2850., 3000., 3150.,
       3300., 3450., 3600., 3750., 3900., 4050., 4200., 4350., 4500.,
       4650., 4800., 4950., 5100., 5250., 5400., 5550., 5700., 5850.,
       6000., 6150.])}
{'behavior_label': array([0., 0., 0., ..., 0., 0., 0.]), 'behavior_label_5s': array([[0.],
       [0.],
       [0.],
       [0.],
       [0.],
       [0.],
       [0.],
       [0.],
       [0.],
       [0.],
       [0.],
       [0.],
       [0.],
       [0.],
       [0.],
       [0.],
       [0.],
       [0.],
       [0.],
       [0.],
       [0.],
       [0.],
       [0.],
       [0.],
       [0.],
       [0.],
       [0.],
       [0.],
       [0.],
       [0.],
       [0.],
       [0.],
       [0.],
       [0.],
       [0.],
       [0.],
       [0.]]), 'start_frames_single': array([   0.,  150.,  300.,  450.,  600.,  750.,  900., 1050., 1200.,
       1350., 1500., 1650., 1800., 1950., 2100., 2250., 2400., 2550.,
       2700., 2850., 3000., 3150., 3300., 3450., 3600., 3750., 3900.,
       4050., 4200., 4350., 4500., 4650., 4800., 4950., 5100., 5250.,
       5400.])}
{'behavior_label': array([0., 0., 0., ..., 0., 0., 0.]), 'behavior_label_5s': array([[0.],
       [0.],
       [0.],
       [0.],
       [0.],
       [0.],
       [0.],
       [0.],
       [0.],
       [0.],
       [0.],
       [0.],
       [0.],
       [0.],
       [0.],
       [0.],
       [0.],
       [0.],
       [0.],
       [0.],
       [0.],
       [0.],
       [0.],
       [0.],
       [0.],
       [0.],
       [0.],
       [0.],
       [0.],
       [0.],
       [0.],
       [0.],
       [1.],
       [0.],
       [0.],
       [0.]]), 'start_frames_single': array([   0.,  150.,  300.,  450.,  600.,  750.,  900., 1050., 1200.,
       1350., 1500., 1650., 1800., 1950., 2100., 2250., 2400., 2550.,
       2700., 2850., 3000., 3150., 3300., 3450., 3600., 3750., 3900.,
       4050., 4200., 4350., 4500., 4650., 4800., 4950., 5100., 5250.])}
{'behavior_label': array([0., 0., 0., ..., 0., 0., 0.]), 'behavior_label_5s': array([[0.],
       [0.],
       [0.],
       [0.],
       [0.],
       [0.],
       [0.],
       [0.],
       [0.],
       [0.],
       [0.],
       [0.],
       [0.],
       [0.],
       [0.],
       [0.],
       [0.],
       [0.],
       [0.],
       [0.],
       [0.],
       [0.],
       [0.],
       [0.],
       [0.],
       [0.],
       [0.],
       [0.],
       [0.],
       [0.],
       [0.],
       [0.],
       [0.],
       [0.],
       [0.],
       [0.],
       [0.],
       [0.],
       [0.]]), 'start_frames_single': array([   0.,  150.,  300.,  450.,  600.,  750.,  900., 1050., 1200.,
       1350., 1500., 1650., 1800., 1950., 2100., 2250., 2400., 2550.,
       2700., 2850., 3000., 3150., 3300., 3450., 3600., 3750., 3900.,
       4050., 4200., 4350., 4500., 4650., 4800., 4950., 5100., 5250.,
       5400., 5550., 5700.])}
{'behavior_label': array([0., 0., 0., ..., 0., 0., 0.]), 'behavior_label_5s': array([[0.],
       [0.],
       [0.],
       [0.],
       [0.],
       [0.],
       [0.],
       [0.],
       [0.],
       [0.],
       [1.],
       [1.],
       [0.],
       [0.],
       [0.],
       [0.],
       [1.],
       [0.],
       [0.],
       [0.],
       [0.],
       [0.],
       [0.],
       [0.],
       [0.],
       [1.],
       [1.],
       [1.],
       [1.],
       [0.],
       [0.],
       [0.],
       [1.],
       [1.],
       [0.],
       [0.],
       [0.]]), 'start_frames_single': array([   0.,  150.,  300.,  450.,  600.,  750.,  900., 1050., 1200.,
       1350., 1500., 1650., 1800., 1950., 2100., 2250., 2400., 2550.,
       2700., 2850., 3000., 3150., 3300., 3450., 3600., 3750., 3900.,
       4050., 4200., 4350., 4500., 4650., 4800., 4950., 5100., 5250.,
       5400.])}
{'behavior_label': array([0., 0., 0., ..., 0., 0., 0.]), 'behavior_label_5s': array([[0.],
       [0.],
       [0.],
       [0.],
       [0.],
       [0.],
       [0.],
       [0.],
       [0.],
       [0.],
       [0.],
       [0.],
       [0.],
       [0.],
       [0.],
       [0.],
       [0.],
       [0.],
       [0.],
       [0.],
       [0.],
       [0.],
       [0.],
       [0.],
       [0.],
       [0.],
       [0.],
       [0.],
       [0.],
       [0.],
       [0.],
       [0.],
       [0.],
       [0.],
       [0.],
       [0.]]), 'start_frames_single': array([   0.,  150.,  300.,  450.,  600.,  750.,  900., 1050., 1200.,
       1350., 1500., 1650., 1800., 1950., 2100., 2250., 2400., 2550.,
       2700., 2850., 3000., 3150., 3300., 3450., 3600., 3750., 3900.,
       4050., 4200., 4350., 4500., 4650., 4800., 4950., 5100., 5250.])}
{'behavior_label': array([0., 0., 0., ..., 0., 0., 0.]), 'behavior_label_5s': array([[0.],
       [0.],
       [0.],
       [0.],
       [0.],
       [0.],
       [1.],
       [1.],
       [0.],
       [0.],
       [1.],
       [0.],
       [0.],
       [0.],
       [1.],
       [0.],
       [0.],
       [1.],
       [1.],
       [0.],
       [0.],
       [1.],
       [0.],
       [0.],
       [1.],
       [1.],
       [1.],
       [1.],
       [1.],
       [0.],
       [1.],
       [1.],
       [1.],
       [0.],
       [0.],
       [0.],
       [1.]]), 'start_frames_single': array([   0.,  150.,  300.,  450.,  600.,  750.,  900., 1050., 1200.,
       1350., 1500., 1650., 1800., 1950., 2100., 2250., 2400., 2550.,
       2700., 2850., 3000., 3150., 3300., 3450., 3600., 3750., 3900.,
       4050., 4200., 4350., 4500., 4650., 4800., 4950., 5100., 5250.,
       5400.])}
{'behavior_label': array([0., 0., 0., ..., 0., 0., 0.]), 'behavior_label_5s': array([[0.],
       [0.],
       [0.],
       [0.],
       [0.],
       [0.],
       [0.],
       [0.],
       [0.],
       [0.],
       [0.],
       [0.],
       [0.],
       [0.],
       [0.],
       [0.],
       [0.],
       [0.],
       [0.],
       [0.],
       [0.],
       [0.],
       [0.],
       [0.],
       [0.],
       [0.],
       [0.],
       [0.],
       [0.],
       [0.],
       [0.],
       [0.],
       [0.],
       [0.],
       [0.],
       [0.],
       [0.],
       [0.],
       [0.]]), 'start_frames_single': array([   0.,  150.,  300.,  450.,  600.,  750.,  900., 1050., 1200.,
       1350., 1500., 1650., 1800., 1950., 2100., 2250., 2400., 2550.,
       2700., 2850., 3000., 3150., 3300., 3450., 3600., 3750., 3900.,
       4050., 4200., 4350., 4500., 4650., 4800., 4950., 5100., 5250.,
       5400., 5550., 5700.])}
{'behavior_label': array([0., 0., 0., ..., 0., 0., 0.]), 'behavior_label_5s': array([[0.],
       [0.],
       [0.],
       [0.],
       [0.],
       [0.],
       [0.],
       [0.],
       [0.],
       [0.],
       [0.],
       [0.],
       [0.],
       [0.],
       [0.],
       [0.],
       [0.],
       [0.],
       [0.],
       [0.],
       [0.],
       [0.],
       [0.],
       [0.],
       [0.],
       [0.],
       [0.],
       [0.],
       [0.],
       [0.],
       [0.],
       [0.],
       [0.],
       [0.],
       [0.],
       [0.],
       [0.],
       [0.]]), 'start_frames_single': array([   0.,  150.,  300.,  450.,  600.,  750.,  900., 1050., 1200.,
       1350., 1500., 1650., 1800., 1950., 2100., 2250., 2400., 2550.,
       2700., 2850., 3000., 3150., 3300., 3450., 3600., 3750., 3900.,
       4050., 4200., 4350., 4500., 4650., 4800., 4950., 5100., 5250.,
       5400., 5550.])}
{'behavior_label': array([0., 0., 0., ..., 0., 0., 0.]), 'behavior_label_5s': array([[0.],
       [0.],
       [0.],
       [0.],
       [0.],
       [0.],
       [0.],
       [0.],
       [0.],
       [0.],
       [0.],
       [0.],
       [0.],
       [0.],
       [0.],
       [0.],
       [0.],
       [0.],
       [0.],
       [0.],
       [0.],
       [0.],
       [0.],
       [0.],
       [0.],
       [0.],
       [0.],
       [0.],
       [0.],
       [0.],
       [0.],
       [0.],
       [0.],
       [0.],
       [0.],
       [0.],
       [0.]]), 'start_frames_single': array([   0.,  150.,  300.,  450.,  600.,  750.,  900., 1050., 1200.,
       1350., 1500., 1650., 1800., 1950., 2100., 2250., 2400., 2550.,
       2700., 2850., 3000., 3150., 3300., 3450., 3600., 3750., 3900.,
       4050., 4200., 4350., 4500., 4650., 4800., 4950., 5100., 5250.,
       5400.])}
{'behavior_label': array([0., 0., 0., ..., 0., 0., 0.]), 'behavior_label_5s': array([[0.],
       [0.],
       [0.],
       [0.],
       [0.],
       [0.],
       [0.],
       [1.],
       [0.],
       [0.],
       [0.],
       [0.],
       [0.],
       [0.],
       [0.],
       [0.],
       [0.],
       [0.],
       [0.],
       [0.],
       [0.],
       [0.],
       [0.],
       [0.],
       [0.],
       [0.],
       [0.],
       [1.],
       [0.],
       [0.],
       [0.],
       [0.],
       [0.],
       [0.],
       [0.],
       [0.],
       [0.],
       [0.]]), 'start_frames_single': array([   0.,  150.,  300.,  450.,  600.,  750.,  900., 1050., 1200.,
       1350., 1500., 1650., 1800., 1950., 2100., 2250., 2400., 2550.,
       2700., 2850., 3000., 3150., 3300., 3450., 3600., 3750., 3900.,
       4050., 4200., 4350., 4500., 4650., 4800., 4950., 5100., 5250.,
       5400., 5550.])}
{'behavior_label': array([0., 0., 0., ..., 0., 0., 0.]), 'behavior_label_5s': array([[0.],
       [0.],
       [0.],
       [0.],
       [0.],
       [0.],
       [0.],
       [0.],
       [0.],
       [0.],
       [0.],
       [0.],
       [0.],
       [0.],
       [0.],
       [1.],
       [0.],
       [1.],
       [1.],
       [1.],
       [1.],
       [1.],
       [1.],
       [1.],
       [1.],
       [1.],
       [0.],
       [0.],
       [0.],
       [0.],
       [0.],
       [0.],
       [0.],
       [1.],
       [0.],
       [0.],
       [0.]]), 'start_frames_single': array([   0.,  150.,  300.,  450.,  600.,  750.,  900., 1050., 1200.,
       1350., 1500., 1650., 1800., 1950., 2100., 2250., 2400., 2550.,
       2700., 2850., 3000., 3150., 3300., 3450., 3600., 3750., 3900.,
       4050., 4200., 4350., 4500., 4650., 4800., 4950., 5100., 5250.,
       5400.])}
{'behavior_label': array([0., 0., 0., ..., 0., 0., 0.]), 'behavior_label_5s': array([[0.],
       [0.],
       [1.],
       [1.],
       [1.],
       [0.],
       [0.],
       [0.],
       [0.],
       [1.],
       [0.],
       [0.],
       [0.],
       [0.],
       [0.],
       [1.],
       [1.],
       [1.],
       [1.],
       [1.],
       [1.],
       [1.],
       [1.],
       [1.],
       [1.],
       [1.],
       [1.],
       [0.],
       [0.],
       [1.],
       [1.],
       [1.],
       [0.],
       [0.],
       [0.],
       [0.]]), 'start_frames_single': array([   0.,  150.,  300.,  450.,  600.,  750.,  900., 1050., 1200.,
       1350., 1500., 1650., 1800., 1950., 2100., 2250., 2400., 2550.,
       2700., 2850., 3000., 3150., 3300., 3450., 3600., 3750., 3900.,
       4050., 4200., 4350., 4500., 4650., 4800., 4950., 5100., 5250.])}
{'behavior_label': array([0., 0., 0., ..., 0., 0., 0.]), 'behavior_label_5s': array([[0.],
       [0.],
       [0.],
       [0.],
       [0.],
       [0.],
       [0.],
       [0.],
       [0.],
       [0.],
       [0.],
       [0.],
       [0.],
       [0.],
       [0.],
       [0.],
       [0.],
       [0.],
       [0.],
       [0.],
       [0.],
       [0.],
       [0.],
       [0.],
       [1.],
       [0.],
       [0.],
       [0.],
       [0.],
       [0.],
       [0.],
       [0.],
       [0.],
       [0.],
       [0.],
       [0.],
       [0.]]), 'start_frames_single': array([   0.,  150.,  300.,  450.,  600.,  750.,  900., 1050., 1200.,
       1350., 1500., 1650., 1800., 1950., 2100., 2250., 2400., 2550.,
       2700., 2850., 3000., 3150., 3300., 3450., 3600., 3750., 3900.,
       4050., 4200., 4350., 4500., 4650., 4800., 4950., 5100., 5250.,
       5400.])}
{'behavior_label': array([0., 0., 0., ..., 0., 0., 0.]), 'behavior_label_5s': array([[0.],
       [0.],
       [0.],
       [0.],
       [0.],
       [0.],
       [0.],
       [0.],
       [0.],
       [0.],
       [0.],
       [0.],
       [0.],
       [0.],
       [0.],
       [0.],
       [0.],
       [0.],
       [0.],
       [0.],
       [0.],
       [0.],
       [0.],
       [0.],
       [0.],
       [0.],
       [0.],
       [0.],
       [0.],
       [0.],
       [0.],
       [1.],
       [0.],
       [0.],
       [0.],
       [0.],
       [0.]]), 'start_frames_single': array([   0.,  150.,  300.,  450.,  600.,  750.,  900., 1050., 1200.,
       1350., 1500., 1650., 1800., 1950., 2100., 2250., 2400., 2550.,
       2700., 2850., 3000., 3150., 3300., 3450., 3600., 3750., 3900.,
       4050., 4200., 4350., 4500., 4650., 4800., 4950., 5100., 5250.,
       5400.])}
{'behavior_label': array([1., 1., 1., ..., 0., 0., 0.]), 'behavior_label_5s': array([[1.],
       [0.],
       [0.],
       [0.],
       [0.],
       [0.],
       [0.],
       [1.],
       [0.],
       [1.],
       [1.],
       [1.],
       [1.],
       [0.],
       [0.],
       [1.],
       [0.],
       [0.],
       [1.],
       [1.],
       [0.],
       [0.],
       [0.]]), 'start_frames_single': array([   0.,  150.,  300.,  450.,  600.,  750.,  900., 1050., 1200.,
       1350., 1500., 1650., 1800., 1950., 2100., 2250., 2400., 2550.,
       2700., 2850., 3000., 3150., 3300.])}
{'behavior_label': array([0., 0., 0., ..., 0., 0., 0.]), 'behavior_label_5s': array([[1.],
       [1.],
       [0.],
       [0.],
       [0.],
       [0.],
       [0.],
       [0.],
       [0.],
       [0.],
       [0.],
       [0.],
       [0.],
       [0.],
       [1.],
       [1.],
       [0.],
       [1.],
       [0.],
       [0.]]), 'start_frames_single': array([   0.,  150.,  300.,  450.,  600.,  750.,  900., 1050., 1200.,
       1350., 1500., 1650., 1800., 1950., 2100., 2250., 2400., 2550.,
       2700., 2850.])}
{'behavior_label': array([0., 0., 0., ..., 0., 0., 0.]), 'behavior_label_5s': array([[0.],
       [0.],
       [0.],
       [0.],
       [0.],
       [0.],
       [0.],
       [0.],
       [0.],
       [0.],
       [0.],
       [0.],
       [0.],
       [0.],
       [0.],
       [0.],
       [0.],
       [0.],
       [0.],
       [0.],
       [0.],
       [0.],
       [1.],
       [1.],
       [0.],
       [1.],
       [0.],
       [0.],
       [0.],
       [0.],
       [0.],
       [0.],
       [0.],
       [0.],
       [0.]]), 'start_frames_single': array([   0.,  150.,  300.,  450.,  600.,  750.,  900., 1050., 1200.,
       1350., 1500., 1950., 2100., 2250., 2400., 2550., 2700., 2850.,
       3000., 3150., 3300., 3450., 3600., 3750., 3900., 4050., 4200.,
       4350., 4500., 4650., 4800., 4950., 5100., 5250., 5400.])}
{'behavior_label': array([0., 0., 0., ..., 0., 0., 0.]), 'behavior_label_5s': array([[0.],
       [0.],
       [0.],
       [0.],
       [0.],
       [0.],
       [0.],
       [0.],
       [0.],
       [1.],
       [0.],
       [0.],
       [0.],
       [0.],
       [0.],
       [0.],
       [0.],
       [0.],
       [0.],
       [0.],
       [0.],
       [0.],
       [0.],
       [0.],
       [0.],
       [0.],
       [0.],
       [0.],
       [0.],
       [0.],
       [0.]]), 'start_frames_single': array([   0.,  150.,  300.,  450.,  600.,  750.,  900., 1050., 1200.,
       1350., 1500., 1650., 1800., 1950., 2100., 2250., 2400., 2550.,
       2700., 2850., 3000., 3150., 3300., 3450., 3600., 3750., 3900.,
       4050., 4200., 4350., 4500.])}
{'behavior_label': array([0., 0., 0., ..., 0., 0., 0.]), 'behavior_label_5s': array([[0.],
       [0.],
       [0.],
       [0.],
       [0.],
       [0.],
       [0.],
       [0.],
       [0.],
       [0.],
       [0.],
       [0.],
       [0.],
       [0.],
       [0.],
       [0.],
       [0.],
       [0.],
       [0.],
       [0.],
       [0.],
       [0.],
       [0.],
       [0.],
       [0.],
       [0.],
       [0.],
       [0.],
       [0.],
       [0.],
       [0.],
       [0.],
       [0.],
       [0.],
       [0.],
       [0.],
       [0.],
       [0.],
       [0.]]), 'start_frames_single': array([   0.,  150.,  300.,  450.,  600.,  750.,  900., 1050., 1200.,
       1350., 1500., 1650., 1800., 1950., 2100., 2250., 2400., 2550.,
       2700., 2850., 3000., 3150., 3300., 3450., 3600., 3750., 3900.,
       4050., 4200., 4350., 4500., 4650., 4800., 4950., 5100., 5250.,
       5400., 5550., 5700.])}
{'behavior_label': array([1., 1., 1., ..., 0., 0., 0.]), 'behavior_label_5s': array([[1.],
       [1.],
       [0.],
       [0.],
       [0.],
       [0.],
       [0.],
       [0.],
       [1.],
       [0.],
       [0.],
       [0.],
       [0.],
       [0.],
       [0.],
       [0.],
       [0.],
       [0.],
       [0.],
       [0.]]), 'start_frames_single': array([   0.,  150.,  300.,  450.,  600.,  750., 2250., 2400., 2550.,
       2700., 2850., 3000., 3150., 3300., 3450., 3600., 4350., 4500.,
       4650., 4800.])}
{'behavior_label': array([0., 0., 0., ..., 0., 0., 0.]), 'behavior_label_5s': array([[0.],
       [0.],
       [0.],
       [0.],
       [0.],
       [0.],
       [0.],
       [0.],
       [0.],
       [0.],
       [0.],
       [0.],
       [0.],
       [0.],
       [0.],
       [0.],
       [0.],
       [0.],
       [0.],
       [0.],
       [0.],
       [0.],
       [0.],
       [0.],
       [0.],
       [0.],
       [0.],
       [0.],
       [0.],
       [0.],
       [0.],
       [0.],
       [0.],
       [0.],
       [0.],
       [0.],
       [0.]]), 'start_frames_single': array([   0.,  150.,  300.,  450.,  600.,  750.,  900., 1050., 1200.,
       1350., 1500., 1650., 1800., 1950., 2100., 2250., 2400., 2550.,
       2700., 2850., 3000., 3150., 3300., 3450., 3600., 3750., 3900.,
       4050., 4200., 4350., 4500., 4650., 4800., 4950., 5100., 5250.,
       5400.])}
{'behavior_label': array([0., 0., 0., ..., 0., 0., 0.]), 'behavior_label_5s': array([[0.],
       [0.],
       [0.],
       [0.],
       [0.],
       [0.],
       [0.],
       [0.],
       [0.],
       [0.],
       [0.],
       [0.],
       [0.],
       [0.],
       [0.],
       [0.],
       [0.],
       [0.],
       [0.],
       [0.],
       [0.],
       [0.],
       [0.],
       [0.],
       [0.],
       [0.],
       [0.],
       [0.],
       [0.],
       [0.],
       [0.],
       [0.],
       [0.],
       [0.],
       [0.],
       [0.],
       [0.]]), 'start_frames_single': array([   0.,  150.,  300.,  450.,  600.,  750.,  900., 1050., 1200.,
       1350., 1500., 1650., 1800., 1950., 2100., 2250., 2400., 2550.,
       2700., 2850., 3000., 3150., 3300., 3450., 3600., 3750., 3900.,
       4050., 4200., 4350., 4500., 4650., 4800., 4950., 5100., 5250.,
       5400.])}
{'behavior_label': array([0., 0., 0., ..., 0., 0., 0.]), 'behavior_label_5s': array([[0.],
       [0.],
       [0.],
       [0.],
       [0.],
       [0.],
       [0.],
       [0.],
       [0.],
       [0.],
       [0.],
       [0.],
       [0.],
       [0.],
       [0.],
       [0.],
       [0.],
       [0.],
       [0.],
       [0.],
       [0.],
       [0.],
       [0.],
       [0.],
       [0.],
       [0.],
       [0.],
       [0.],
       [0.],
       [0.],
       [0.],
       [0.],
       [0.],
       [0.],
       [0.]]), 'start_frames_single': array([ 300.,  450.,  600.,  750.,  900., 1050., 1200., 1350., 1500.,
       1650., 1800., 1950., 2100., 2250., 2400., 2550., 2700., 2850.,
       3000., 3150., 3300., 3450., 3600., 3750., 3900., 4050., 4200.,
       4350., 4500., 4650., 4800., 4950., 5100., 5250., 5400.])}
{'behavior_label': array([1., 1., 1., ..., 1., 1., 1.]), 'behavior_label_5s': array([[1.],
       [0.],
       [0.],
       [1.],
       [0.],
       [1.],
       [1.],
       [0.],
       [0.],
       [0.],
       [0.],
       [0.],
       [0.],
       [1.],
       [0.],
       [0.],
       [0.],
       [0.],
       [0.],
       [0.],
       [0.],
       [1.],
       [0.],
       [0.],
       [0.],
       [0.],
       [1.],
       [1.],
       [0.],
       [0.],
       [0.],
       [0.],
       [0.],
       [0.],
       [0.],
       [0.],
       [1.]]), 'start_frames_single': array([   0.,  150.,  300.,  450.,  600.,  750.,  900., 1050., 1200.,
       1350., 1500., 1650., 1800., 1950., 2100., 2250., 2400., 2550.,
       2700., 2850., 3000., 3150., 3300., 3450., 3600., 3750., 3900.,
       4050., 4200., 4350., 4500., 4650., 4800., 4950., 5100., 5250.,
       5400.])}
{'behavior_label': array([0., 0., 0., ..., 0., 0., 0.]), 'behavior_label_5s': array([[0.],
       [0.],
       [0.],
       [0.],
       [0.],
       [0.],
       [0.],
       [0.],
       [0.],
       [0.],
       [0.],
       [0.],
       [0.],
       [0.],
       [0.],
       [0.],
       [0.],
       [0.],
       [0.],
       [0.],
       [0.],
       [0.],
       [0.],
       [0.],
       [0.],
       [0.],
       [0.],
       [0.],
       [0.],
       [0.],
       [0.],
       [0.],
       [0.],
       [0.],
       [0.],
       [0.],
       [0.],
       [0.],
       [0.],
       [0.],
       [0.],
       [0.],
       [0.],
       [0.]]), 'start_frames_single': array([   0.,  150.,  300.,  450.,  600.,  750.,  900., 1050., 1200.,
       1350., 1500., 1650., 1800., 1950., 2100., 2250., 2400., 2550.,
       2700., 2850., 3000., 3150., 3300., 3450., 3600., 3750., 3900.,
       4050., 4200., 4350., 4500., 4650., 4800., 4950., 5100., 5250.,
       5400., 5550., 5700., 5850., 6000., 6150., 6300., 6450.])}
{'behavior_label': array([0., 0., 0., ..., 0., 0., 0.]), 'behavior_label_5s': array([[0.],
       [0.],
       [0.],
       [0.],
       [0.],
       [0.],
       [0.],
       [0.],
       [0.],
       [0.],
       [0.],
       [0.],
       [0.],
       [0.],
       [0.],
       [0.],
       [0.],
       [0.],
       [0.],
       [0.],
       [0.],
       [0.],
       [0.],
       [0.],
       [0.],
       [0.],
       [0.],
       [0.],
       [0.],
       [0.],
       [0.],
       [0.],
       [0.],
       [0.],
       [0.],
       [0.],
       [0.],
       [0.]]), 'start_frames_single': array([   0.,  150.,  300.,  450.,  600.,  750.,  900., 1050., 1200.,
       1350., 1500., 1650., 1800., 1950., 2100., 2250., 2400., 2550.,
       2700., 2850., 3000., 3150., 3300., 3450., 3600., 3750., 3900.,
       4050., 4200., 4350., 4500., 4650., 4800., 4950., 5100., 5250.,
       5400., 5550.])}
{'behavior_label': array([0., 0., 0., ..., 0., 0., 0.]), 'behavior_label_5s': array([[0.],
       [0.],
       [0.],
       [0.],
       [0.],
       [0.],
       [0.],
       [0.],
       [0.],
       [0.],
       [0.],
       [0.],
       [0.],
       [0.],
       [0.],
       [0.],
       [0.],
       [0.],
       [0.],
       [0.],
       [0.],
       [0.],
       [0.],
       [0.],
       [0.],
       [0.],
       [0.],
       [0.],
       [0.],
       [0.],
       [0.],
       [0.],
       [0.],
       [0.],
       [0.],
       [0.],
       [0.],
       [0.]]), 'start_frames_single': array([   0.,  150.,  300.,  450.,  600.,  750.,  900., 1050., 1200.,
       1350., 1500., 1650., 1800., 1950., 2100., 2250., 2400., 2550.,
       2700., 2850., 3000., 3150., 3300., 3450., 3600., 3750., 3900.,
       4050., 4200., 4350., 4500., 4650., 4800., 4950., 5100., 5250.,
       5400., 5550.])}
{'behavior_label': array([0., 0., 0., ..., 0., 0., 0.]), 'behavior_label_5s': array([[0.],
       [0.],
       [0.],
       [0.],
       [0.],
       [0.],
       [0.],
       [0.],
       [0.],
       [0.],
       [0.],
       [0.],
       [0.],
       [0.],
       [0.],
       [0.],
       [0.],
       [0.],
       [0.],
       [0.],
       [0.],
       [0.],
       [0.],
       [0.],
       [0.],
       [0.],
       [0.],
       [0.],
       [0.],
       [0.],
       [0.],
       [0.],
       [0.],
       [0.],
       [0.],
       [0.],
       [0.],
       [0.],
       [0.]]), 'start_frames_single': array([   0.,  150.,  300.,  450.,  600.,  750.,  900., 1050., 1200.,
       1350., 1500., 1650., 1800., 1950., 2100., 2250., 2400., 2550.,
       2700., 2850., 3000., 3150., 3300., 3450., 3600., 3750., 3900.,
       4050., 4200., 4350., 4500., 4650., 4800., 4950., 5100., 5250.,
       5400., 5550., 5700.])}
{'behavior_label': array([0., 0., 0., ..., 0., 0., 0.]), 'behavior_label_5s': array([[0.],
       [0.],
       [0.],
       [0.],
       [0.],
       [0.],
       [0.],
       [0.],
       [0.],
       [0.],
       [0.],
       [0.],
       [0.],
       [0.],
       [0.],
       [0.],
       [0.],
       [0.],
       [1.],
       [0.],
       [1.],
       [0.],
       [0.],
       [0.],
       [0.],
       [0.],
       [0.],
       [0.],
       [0.],
       [0.],
       [0.],
       [0.],
       [0.],
       [0.],
       [0.],
       [0.],
       [0.]]), 'start_frames_single': array([   0.,  150.,  300.,  450.,  600.,  750.,  900., 1050., 1200.,
       1350., 1500., 1650., 1800., 1950., 2100., 2250., 2400., 2550.,
       2700., 2850., 3000., 3150., 3300., 3450., 3600., 3750., 3900.,
       4050., 4200., 4350., 4500., 4650., 4800., 4950., 5100., 5250.,
       5400.])}
