behavior_label	behavior_label_5s	start_frames_single
{'behavior_label': array([0., 0., 0.]), 'behavior_label_5s': array([0., 0., 0.]), 'start_frames_single': array([0., 0., 0.])}
{'behavior_label': array([0., 0., 0., ..., 1., 1., 1.]), 'behavior_label_5s': array([[0.],
       [0.],
       [0.],
       [0.],
       [0.],
       [0.],
       [0.],
       [0.],
       [0.],
       [0.],
       [0.],
       [0.],
       [0.],
       [0.],
       [0.],
       [0.],
       [0.],
       [0.],
       [0.],
       [0.],
       [0.],
       [0.],
       [0.],
       [0.],
       [0.],
       [0.],
       [0.],
       [0.],
       [0.],
       [0.],
       [0.],
       [0.],
       [0.],
       [0.],
       [0.],
       [1.],
       [0.]]), 'start_frames_single': array([   0.,  260.,  520.,  780., 1040., 1300., 1560., 1820., 2080.,
       2340., 2600., 2860., 3120., 3380., 3640., 3900., 4160., 4420.,
       4680., 4940., 5200., 5460., 5720., 5980., 6240., 6500., 6760.,
       7020., 7280., 7540., 7800., 8060., 8320., 8580., 8840., 9100.,
       9360.])}
{'behavior_label': array([0., 0., 0., ..., 0., 0., 0.]), 'behavior_label_5s': array([[0.],
       [0.],
       [0.],
       [0.],
       [0.],
       [0.],
       [0.],
       [0.],
       [0.],
       [0.],
       [0.],
       [0.],
       [0.],
       [0.],
       [0.],
       [0.],
       [0.],
       [0.],
       [0.],
       [0.],
       [0.],
       [0.],
       [0.],
       [0.],
       [0.],
       [0.],
       [0.],
       [0.],
       [0.],
       [1.],
       [0.],
       [0.],
       [0.],
       [0.],
       [0.],
       [0.],
       [0.]]), 'start_frames_single': array([   0.,  260.,  520.,  780., 1040., 1300., 1560., 1820., 2080.,
       2340., 2600., 2860., 3120., 3380., 3640., 3900., 4160., 4420.,
       4680., 4940., 5200., 5460., 5720., 5980., 6240., 6500., 6760.,
       7020., 7280., 7540., 7800., 8060., 8320., 8580., 8840., 9100.,
       9360.])}
{'behavior_label': array([0., 0., 0., ..., 0., 0., 0.]), 'behavior_label_5s': array([[0.],
       [0.],
       [0.],
       [0.],
       [0.],
       [0.],
       [0.],
       [0.],
       [0.],
       [0.],
       [0.],
       [0.],
       [0.],
       [0.],
       [0.],
       [0.],
       [0.],
       [0.],
       [0.],
       [0.],
       [0.],
       [0.],
       [0.],
       [0.],
       [0.],
       [0.],
       [0.],
       [0.],
       [0.],
       [0.],
       [0.],
       [0.],
       [0.],
       [0.],
       [0.],
       [0.],
       [0.],
       [0.]]), 'start_frames_single': array([   0.,  260.,  520.,  780., 1040., 1300., 1560., 1820., 2080.,
       2340., 2600., 2860., 3120., 3380., 3640., 3900., 4160., 4420.,
       4680., 4940., 5200., 5460., 5720., 5980., 6240., 6500., 6760.,
       7020., 7280., 7540., 7800., 8060., 8320., 8580., 8840., 9100.,
       9360., 9620.])}
{'behavior_label': array([0., 0., 0., ..., 0., 0., 0.]), 'behavior_label_5s': array([[0.],
       [0.],
       [0.],
       [0.],
       [0.],
       [0.],
       [0.],
       [0.],
       [0.],
       [0.],
       [0.],
       [0.],
       [0.],
       [0.],
       [0.],
       [0.],
       [0.],
       [0.],
       [0.],
       [0.],
       [0.],
       [1.],
       [0.],
       [0.],
       [0.],
       [0.],
       [0.],
       [0.],
       [0.],
       [0.],
       [0.],
       [0.],
       [0.]]), 'start_frames_single': array([    0.,   260.,   520.,   780.,  1040.,  1300.,  1560.,  1820.,
        3120.,  3380.,  3640.,  3900.,  4160.,  4420.,  4680.,  5720.,
        5980.,  6240.,  6500.,  6760.,  7020.,  7280.,  7540.,  7800.,
        8060.,  8320.,  8580.,  8840.,  9100.,  9360.,  9620.,  9880.,
       10140.])}
{'behavior_label': array([0., 0., 0., ..., 0., 0., 0.]), 'behavior_label_5s': array([[0.],
       [0.],
       [0.],
       [1.],
       [0.],
       [0.],
       [0.],
       [0.],
       [0.],
       [0.],
       [0.],
       [0.],
       [0.],
       [0.],
       [0.],
       [0.],
       [0.],
       [0.],
       [0.],
       [0.],
       [0.],
       [0.],
       [0.],
       [0.],
       [0.],
       [0.],
       [0.],
       [0.],
       [0.],
       [0.],
       [0.],
       [0.],
       [0.],
       [0.],
       [0.],
       [0.],
       [0.],
       [0.]]), 'start_frames_single': array([ 3900.,  4160.,  4420.,  4680.,  4940.,  5200.,  5460.,  5720.,
        5980.,  6240.,  6500.,  6760.,  7020.,  7280.,  7540.,  7800.,
        8060.,  8320.,  8580.,  8840.,  9100.,  9360.,  9620.,  9880.,
       10140., 10400., 10660., 10920., 11180., 11440., 11700., 11960.,
       12220., 12480., 12740., 13000., 13260., 13520.])}
{'behavior_label': array([1., 1., 1., ..., 0., 0., 0.]), 'behavior_label_5s': array([[1.],
       [1.],
       [1.],
       [1.],
       [1.],
       [1.],
       [1.],
       [0.],
       [0.],
       [0.],
       [0.],
       [0.],
       [0.],
       [0.],
       [0.],
       [0.],
       [0.],
       [0.],
       [0.],
       [0.],
       [0.],
       [0.],
       [0.],
       [0.],
       [0.],
       [0.],
       [0.],
       [0.],
       [0.],
       [0.],
       [0.],
       [0.],
       [0.],
       [0.],
       [0.],
       [0.],
       [0.],
       [0.],
       [0.],
       [0.],
       [0.],
       [0.],
       [0.],
       [0.],
       [0.]]), 'start_frames_single': array([    0.,   260.,   520.,   780.,  1040.,  1300.,  1560.,  1820.,
        2080.,  2340.,  2600.,  2860.,  3120.,  3380.,  3640.,  3900.,
        4160.,  4420.,  4680.,  4940.,  5200.,  5460.,  5720.,  5980.,
        6240.,  6500.,  6760.,  7020.,  7280.,  7540.,  7800.,  8060.,
        8320.,  8580.,  8840.,  9100.,  9360.,  9620.,  9880., 10140.,
       10400., 10660., 10920., 11180., 11440.])}
{'behavior_label': array([0., 0., 0., ..., 0., 0., 0.]), 'behavior_label_5s': array([[0.],
       [0.],
       [0.],
       [0.],
       [0.],
       [1.],
       [1.],
       [0.],
       [0.],
       [0.],
       [0.],
       [0.],
       [0.],
       [0.],
       [0.],
       [1.],
       [0.],
       [1.],
       [1.],
       [1.],
       [0.],
       [1.],
       [0.],
       [0.],
       [0.],
       [0.],
       [0.],
       [0.],
       [0.],
       [1.],
       [1.],
       [0.],
       [0.],
       [0.],
       [0.],
       [1.],
       [0.],
       [0.]]), 'start_frames_single': array([   0.,  260.,  520.,  780., 1040., 1300., 1560., 1820., 2080.,
       2340., 2600., 2860., 3120., 3380., 3640., 3900., 4160., 4420.,
       4680., 4940., 5200., 5460., 5720., 5980., 6240., 6500., 6760.,
       7020., 7280., 7540., 7800., 8060., 8320., 8580., 8840., 9100.,
       9360., 9620.])}
{'behavior_label': array([0., 0., 0., ..., 0., 0., 0.]), 'behavior_label_5s': array([[0.],
       [0.],
       [1.],
       [1.],
       [0.],
       [0.],
       [1.],
       [0.],
       [1.],
       [0.],
       [0.],
       [0.],
       [0.],
       [0.],
       [0.],
       [0.],
       [0.],
       [0.],
       [0.],
       [0.],
       [0.],
       [1.],
       [0.],
       [0.],
       [0.],
       [1.],
       [0.],
       [0.],
       [0.],
       [1.],
       [0.],
       [0.],
       [0.],
       [1.],
       [1.],
       [0.]]), 'start_frames_single': array([   0.,  260.,  520.,  780., 1040., 1300., 1560., 1820., 2080.,
       2340., 2600., 2860., 3120., 3380., 3640., 3900., 4160., 4420.,
       4680., 4940., 5200., 5460., 5720., 5980., 6240., 6500., 6760.,
       7020., 7280., 7540., 7800., 8060., 8320., 8580., 8840., 9100.])}
{'behavior_label': array([0., 0., 0., ..., 0., 0., 0.]), 'behavior_label_5s': array([[0.],
       [0.],
       [0.],
       [0.],
       [1.],
       [1.],
       [1.],
       [1.],
       [1.],
       [0.],
       [1.],
       [1.],
       [0.],
       [0.],
       [1.],
       [1.],
       [1.],
       [1.],
       [0.],
       [1.],
       [1.],
       [1.],
       [0.],
       [1.],
       [1.],
       [1.],
       [1.],
       [1.],
       [0.],
       [1.],
       [0.],
       [1.],
       [0.],
       [1.],
       [1.],
       [0.],
       [0.],
       [0.],
       [0.],
       [1.],
       [0.]]), 'start_frames_single': array([    0.,   260.,   520.,   780.,  1040.,  1300.,  1560.,  1820.,
        2080.,  2340.,  2600.,  2860.,  3120.,  3380.,  3640.,  3900.,
        4160.,  4420.,  4680.,  4940.,  5200.,  5460.,  5720.,  5980.,
        6240.,  6500.,  6760.,  7020.,  7280.,  7540.,  7800.,  8060.,
        8320.,  8580.,  8840.,  9100.,  9360.,  9620.,  9880., 10140.,
       10400.])}
{'behavior_label': array([0., 0., 0., ..., 0., 0., 0.]), 'behavior_label_5s': array([[0.],
       [0.],
       [0.],
       [0.],
       [0.],
       [0.],
       [0.],
       [0.],
       [0.],
       [0.],
       [1.],
       [0.],
       [0.],
       [0.],
       [0.],
       [0.],
       [0.],
       [0.],
       [0.],
       [0.],
       [1.],
       [0.],
       [0.],
       [0.],
       [0.],
       [0.],
       [0.],
       [0.],
       [0.],
       [0.],
       [0.],
       [0.],
       [0.],
       [0.],
       [0.],
       [0.],
       [0.]]), 'start_frames_single': array([   0.,  260.,  520.,  780., 1040., 1300., 1560., 1820., 2080.,
       2340., 2600., 2860., 3120., 3380., 3640., 3900., 4160., 4420.,
       4680., 4940., 5200., 5460., 5720., 5980., 6240., 6500., 6760.,
       7020., 7280., 7540., 7800., 8060., 8320., 8580., 8840., 9100.,
       9360.])}
{'behavior_label': array([0., 0., 0., ..., 0., 0., 0.]), 'behavior_label_5s': array([[0.],
       [0.],
       [0.],
       [0.],
       [0.],
       [0.],
       [0.],
       [0.],
       [0.],
       [1.],
       [1.],
       [0.],
       [0.],
       [0.],
       [0.],
       [0.],
       [0.],
       [0.],
       [1.],
       [1.],
       [1.],
       [1.],
       [1.],
       [1.],
       [1.],
       [0.],
       [1.],
       [1.],
       [1.],
       [1.],
       [1.],
       [1.],
       [1.],
       [1.],
       [0.],
       [1.],
       [1.],
       [0.],
       [0.]]), 'start_frames_single': array([   0.,  260.,  520.,  780., 1040., 1300., 1560., 1820., 2080.,
       2340., 2600., 2860., 3120., 3380., 3640., 3900., 4160., 4420.,
       4680., 4940., 5200., 5460., 5720., 5980., 6240., 6500., 6760.,
       7020., 7280., 7540., 7800., 8060., 8320., 8580., 8840., 9100.,
       9360., 9620., 9880.])}
{'behavior_label': array([0., 0., 0., ..., 0., 0., 0.]), 'behavior_label_5s': array([[0.],
       [0.],
       [0.],
       [0.],
       [0.],
       [1.],
       [1.],
       [0.],
       [0.],
       [0.],
       [0.],
       [0.],
       [0.],
       [0.],
       [0.],
       [0.],
       [0.],
       [0.],
       [0.],
       [0.],
       [0.],
       [0.],
       [0.],
       [0.],
       [0.],
       [0.],
       [0.],
       [0.],
       [0.],
       [0.],
       [0.],
       [0.],
       [0.],
       [0.],
       [0.],
       [0.],
       [0.]]), 'start_frames_single': array([   0.,  260.,  520.,  780., 1040., 1300., 1560., 1820., 2080.,
       2340., 2600., 2860., 3120., 3380., 3640., 3900., 4160., 4420.,
       4680., 4940., 5200., 5460., 5720., 5980., 6240., 6500., 6760.,
       7020., 7280., 7540., 7800., 8060., 8320., 8580., 8840., 9100.,
       9360.])}
{'behavior_label': array([0., 0., 0., ..., 0., 0., 0.]), 'behavior_label_5s': array([[0.],
       [0.],
       [0.],
       [0.],
       [0.],
       [0.],
       [0.],
       [0.],
       [0.],
       [0.],
       [0.],
       [0.],
       [0.],
       [0.],
       [0.],
       [0.],
       [0.],
       [0.],
       [0.],
       [0.],
       [0.],
       [0.],
       [0.],
       [0.],
       [0.],
       [0.],
       [0.],
       [0.],
       [0.],
       [0.],
       [0.],
       [0.],
       [0.],
       [0.],
       [0.],
       [0.],
       [0.],
       [0.]]), 'start_frames_single': array([   0.,  260.,  520.,  780., 1040., 1300., 1560., 1820., 2080.,
       2340., 2600., 2860., 3120., 3380., 3640., 3900., 4160., 4420.,
       4680., 4940., 5200., 5460., 5720., 5980., 6240., 6500., 6760.,
       7020., 7280., 7540., 7800., 8060., 8320., 8580., 8840., 9100.,
       9360., 9620.])}
{'behavior_label': array([0., 0., 0., ..., 0., 0., 0.]), 'behavior_label_5s': array([[0.],
       [0.],
       [0.],
       [0.],
       [0.],
       [0.],
       [0.],
       [1.],
       [0.],
       [0.],
       [1.],
       [0.],
       [0.],
       [0.],
       [0.],
       [0.],
       [0.],
       [0.],
       [0.],
       [0.],
       [0.],
       [0.]]), 'start_frames_single': array([   0.,  260.,  520.,  780., 1040., 1300., 1560., 1820., 2080.,
       2340., 2600., 2860., 3120., 3380., 3640., 3900., 4160., 4420.,
       4680., 4940., 5200., 5460.])}
{'behavior_label': array([0., 0., 0., ..., 0., 0., 0.]), 'behavior_label_5s': array([[0.],
       [0.],
       [0.],
       [0.],
       [0.],
       [0.],
       [0.],
       [0.],
       [0.],
       [0.],
       [0.],
       [0.],
       [0.],
       [0.],
       [0.],
       [0.],
       [0.],
       [0.],
       [0.],
       [0.],
       [0.],
       [0.],
       [0.],
       [0.],
       [0.],
       [1.],
       [1.],
       [1.],
       [1.],
       [1.],
       [0.],
       [1.],
       [0.],
       [0.],
       [1.],
       [1.],
       [0.]]), 'start_frames_single': array([   0.,  260.,  520.,  780., 1040., 1300., 1560., 1820., 2080.,
       2340., 2600., 2860., 3120., 3380., 3640., 3900., 4160., 4420.,
       4680., 4940., 5200., 5460., 5720., 5980., 6240., 6500., 6760.,
       7020., 7280., 7540., 7800., 8060., 8320., 8580., 8840., 9100.,
       9360.])}
{'behavior_label': array([0., 0., 0., ..., 0., 0., 0.]), 'behavior_label_5s': array([[1.],
       [0.],
       [0.],
       [0.],
       [0.],
       [0.],
       [0.],
       [0.],
       [0.],
       [1.],
       [0.],
       [0.],
       [0.],
       [0.],
       [0.],
       [0.],
       [0.],
       [0.],
       [0.],
       [0.],
       [0.],
       [0.],
       [0.],
       [0.],
       [0.],
       [0.],
       [1.],
       [0.],
       [0.],
       [0.],
       [0.],
       [0.],
       [0.],
       [0.],
       [0.],
       [0.],
       [0.]]), 'start_frames_single': array([   0.,  260.,  520.,  780., 1040., 1300., 1560., 1820., 2080.,
       2340., 2600., 2860., 3120., 3380., 3640., 3900., 4160., 4420.,
       4680., 4940., 5200., 5460., 5720., 5980., 6240., 6500., 6760.,
       7020., 7280., 7540., 7800., 8060., 8320., 8580., 8840., 9100.,
       9360.])}
{'behavior_label': array([0., 0., 0., ..., 0., 0., 0.]), 'behavior_label_5s': array([[0.],
       [0.],
       [0.],
       [0.],
       [0.],
       [0.],
       [0.],
       [0.],
       [0.],
       [0.],
       [0.],
       [0.],
       [0.],
       [0.],
       [0.],
       [0.],
       [0.],
       [0.],
       [0.],
       [0.],
       [0.],
       [0.],
       [0.],
       [0.],
       [0.],
       [0.],
       [0.],
       [0.],
       [0.],
       [0.],
       [0.],
       [0.],
       [0.],
       [0.],
       [0.],
       [0.],
       [0.],
       [0.],
       [0.],
       [0.],
       [0.]]), 'start_frames_single': array([    0.,   260.,   520.,   780.,  1040.,  1300.,  1560.,  1820.,
        2080.,  2340.,  2600.,  2860.,  3120.,  3380.,  3640.,  3900.,
        4160.,  4420.,  4680.,  4940.,  5200.,  5460.,  5720.,  5980.,
        6240.,  6500.,  6760.,  7020.,  7280.,  7540.,  7800.,  8060.,
        8320.,  8580.,  8840.,  9100.,  9360.,  9620.,  9880., 10140.,
       10400.])}
{'behavior_label': array([0., 0., 0., ..., 0., 0., 0.]), 'behavior_label_5s': array([[0.],
       [0.],
       [0.],
       [0.],
       [0.],
       [0.],
       [0.],
       [0.],
       [0.],
       [0.],
       [0.],
       [0.],
       [0.],
       [0.],
       [0.],
       [0.],
       [0.],
       [0.],
       [0.],
       [0.],
       [0.],
       [0.],
       [0.],
       [0.],
       [0.],
       [0.],
       [0.],
       [0.],
       [0.],
       [0.],
       [0.],
       [1.],
       [0.],
       [0.],
       [0.],
       [0.],
       [0.],
       [0.]]), 'start_frames_single': array([ 1040.,  1300.,  1560.,  1820.,  2080.,  2340.,  2600.,  2860.,
        3120.,  3380.,  3640.,  3900.,  4160.,  4420.,  4680.,  4940.,
        5200.,  5460.,  5720.,  5980.,  6240.,  6500.,  6760.,  7020.,
        7280.,  7540.,  7800.,  8060.,  8320.,  8580.,  8840.,  9100.,
        9360.,  9620.,  9880., 10140., 10400., 10660.])}
{'behavior_label': array([0., 0., 0., ..., 0., 0., 0.]), 'behavior_label_5s': array([[0.],
       [0.],
       [0.],
       [0.],
       [0.],
       [0.],
       [0.],
       [0.],
       [0.],
       [0.],
       [0.],
       [0.],
       [0.],
       [0.],
       [0.],
       [0.],
       [0.],
       [0.],
       [0.],
       [0.],
       [0.],
       [0.],
       [0.],
       [0.],
       [0.],
       [0.],
       [0.],
       [0.],
       [0.],
       [0.],
       [0.],
       [0.],
       [0.],
       [0.],
       [0.],
       [0.],
       [0.]]), 'start_frames_single': array([   0.,  260.,  520.,  780., 1040., 1300., 1560., 1820., 2080.,
       2340., 2600., 2860., 3120., 3380., 3640., 3900., 4160., 4420.,
       4680., 4940., 5200., 5460., 5720., 5980., 6240., 6500., 6760.,
       7020., 7280., 7540., 7800., 8060., 8320., 8580., 8840., 9100.,
       9360.])}
{'behavior_label': array([0., 0., 0., ..., 0., 0., 0.]), 'behavior_label_5s': array([[0.],
       [0.],
       [0.],
       [0.],
       [0.],
       [0.],
       [0.],
       [0.],
       [0.],
       [0.],
       [0.],
       [0.],
       [0.],
       [0.],
       [0.],
       [0.],
       [0.],
       [0.],
       [0.],
       [0.],
       [0.],
       [0.],
       [0.],
       [0.],
       [0.],
       [0.],
       [0.],
       [0.],
       [0.],
       [0.],
       [0.],
       [0.],
       [1.],
       [0.],
       [0.],
       [0.]]), 'start_frames_single': array([   0.,  260.,  520.,  780., 1040., 1300., 1560., 1820., 2080.,
       2340., 2600., 2860., 3120., 3380., 3640., 3900., 4160., 4420.,
       4680., 4940., 5200., 5460., 5720., 5980., 6240., 6500., 6760.,
       7020., 7280., 7540., 7800., 8060., 8320., 8580., 8840., 9100.])}
{'behavior_label': array([0., 0., 0., ..., 0., 0., 0.]), 'behavior_label_5s': array([[0.],
       [0.],
       [0.],
       [0.],
       [0.],
       [0.],
       [0.],
       [0.],
       [0.],
       [0.],
       [0.],
       [0.],
       [0.],
       [0.],
       [0.],
       [0.],
       [0.],
       [0.],
       [0.],
       [0.],
       [0.],
       [0.],
       [0.],
       [0.],
       [0.],
       [0.],
       [0.],
       [0.],
       [0.],
       [0.],
       [0.],
       [0.],
       [0.],
       [0.],
       [0.],
       [0.],
       [0.],
       [0.],
       [0.]]), 'start_frames_single': array([   0.,  260.,  520.,  780., 1040., 1300., 1560., 1820., 2080.,
       2340., 2600., 2860., 3120., 3380., 3640., 3900., 4160., 4420.,
       4680., 4940., 5200., 5460., 5720., 5980., 6240., 6500., 6760.,
       7020., 7280., 7540., 7800., 8060., 8320., 8580., 8840., 9100.,
       9360., 9620., 9880.])}
{'behavior_label': array([0., 0., 0., ..., 0., 0., 0.]), 'behavior_label_5s': array([[0.],
       [0.],
       [0.],
       [0.],
       [0.],
       [0.],
       [0.],
       [0.],
       [0.],
       [0.],
       [1.],
       [1.],
       [0.],
       [0.],
       [0.],
       [0.],
       [1.],
       [0.],
       [0.],
       [0.],
       [0.],
       [0.],
       [0.],
       [0.],
       [0.],
       [1.],
       [1.],
       [1.],
       [1.],
       [0.],
       [0.],
       [0.],
       [1.],
       [1.],
       [0.],
       [0.],
       [0.]]), 'start_frames_single': array([   0.,  260.,  520.,  780., 1040., 1300., 1560., 1820., 2080.,
       2340., 2600., 2860., 3120., 3380., 3640., 3900., 4160., 4420.,
       4680., 4940., 5200., 5460., 5720., 5980., 6240., 6500., 6760.,
       7020., 7280., 7540., 7800., 8060., 8320., 8580., 8840., 9100.,
       9360.])}
{'behavior_label': array([0., 0., 0.]), 'behavior_label_5s': array([0., 0., 0.]), 'start_frames_single': array([0., 0., 0.])}
{'behavior_label': array([0., 0., 0.]), 'behavior_label_5s': array([0., 0., 0.]), 'start_frames_single': array([0., 0., 0.])}
{'behavior_label': array([0., 0., 0., ..., 0., 0., 0.]), 'behavior_label_5s': array([[0.],
       [0.],
       [0.],
       [0.],
       [0.],
       [0.],
       [0.],
       [0.],
       [0.],
       [0.],
       [0.],
       [0.],
       [0.],
       [0.],
       [0.],
       [0.],
       [0.],
       [0.],
       [0.],
       [0.],
       [0.],
       [0.],
       [0.],
       [0.],
       [0.],
       [0.],
       [0.],
       [0.],
       [0.],
       [0.],
       [0.],
       [0.],
       [0.],
       [0.],
       [0.],
       [0.]]), 'start_frames_single': array([   0.,  260.,  520.,  780., 1040., 1300., 1560., 1820., 2080.,
       2340., 2600., 2860., 3120., 3380., 3640., 3900., 4160., 4420.,
       4680., 4940., 5200., 5460., 5720., 5980., 6240., 6500., 6760.,
       7020., 7280., 7540., 7800., 8060., 8320., 8580., 8840., 9100.])}
{'behavior_label': array([0., 0., 0., ..., 0., 0., 0.]), 'behavior_label_5s': array([[0.],
       [0.],
       [0.],
       [0.],
       [0.],
       [0.],
       [1.],
       [1.],
       [0.],
       [0.],
       [1.],
       [0.],
       [0.],
       [0.],
       [1.],
       [0.],
       [0.],
       [1.],
       [1.],
       [0.],
       [0.],
       [1.],
       [0.],
       [0.],
       [1.],
       [1.],
       [1.],
       [1.],
       [1.],
       [0.],
       [1.],
       [1.],
       [1.],
       [0.],
       [0.],
       [0.],
       [1.]]), 'start_frames_single': array([   0.,  260.,  520.,  780., 1040., 1300., 1560., 1820., 2080.,
       2340., 2600., 2860., 3120., 3380., 3640., 3900., 4160., 4420.,
       4680., 4940., 5200., 5460., 5720., 5980., 6240., 6500., 6760.,
       7020., 7280., 7540., 7800., 8060., 8320., 8580., 8840., 9100.,
       9360.])}
{'behavior_label': array([0., 0., 0., ..., 0., 0., 0.]), 'behavior_label_5s': array([[0.],
       [0.],
       [0.],
       [0.],
       [0.],
       [0.],
       [0.],
       [0.],
       [0.],
       [0.],
       [0.],
       [0.],
       [0.],
       [0.],
       [0.],
       [0.],
       [0.],
       [0.],
       [0.],
       [0.],
       [0.],
       [0.],
       [0.],
       [0.],
       [0.],
       [0.],
       [0.],
       [0.],
       [0.],
       [0.],
       [0.],
       [0.],
       [0.],
       [0.],
       [0.],
       [0.],
       [0.],
       [0.],
       [0.]]), 'start_frames_single': array([   0.,  260.,  520.,  780., 1040., 1300., 1560., 1820., 2080.,
       2340., 2600., 2860., 3120., 3380., 3640., 3900., 4160., 4420.,
       4680., 4940., 5200., 5460., 5720., 5980., 6240., 6500., 6760.,
       7020., 7280., 7540., 7800., 8060., 8320., 8580., 8840., 9100.,
       9360., 9620., 9880.])}
{'behavior_label': array([0., 0., 0., ..., 0., 0., 0.]), 'behavior_label_5s': array([[0.],
       [0.],
       [0.],
       [0.],
       [0.],
       [0.],
       [0.],
       [0.],
       [0.],
       [0.],
       [0.],
       [0.],
       [0.],
       [0.],
       [0.],
       [0.],
       [0.],
       [0.],
       [0.],
       [0.],
       [0.],
       [0.],
       [0.],
       [0.],
       [0.],
       [0.],
       [0.],
       [0.],
       [0.],
       [0.],
       [0.],
       [0.],
       [0.],
       [0.],
       [0.],
       [0.],
       [0.],
       [0.]]), 'start_frames_single': array([   0.,  260.,  520.,  780., 1040., 1300., 1560., 1820., 2080.,
       2340., 2600., 2860., 3120., 3380., 3640., 3900., 4160., 4420.,
       4680., 4940., 5200., 5460., 5720., 5980., 6240., 6500., 6760.,
       7020., 7280., 7540., 7800., 8060., 8320., 8580., 8840., 9100.,
       9360., 9620.])}
{'behavior_label': array([0., 0., 0., ..., 0., 0., 0.]), 'behavior_label_5s': array([[0.],
       [0.],
       [0.],
       [0.],
       [0.],
       [0.],
       [0.],
       [0.],
       [0.],
       [0.],
       [0.],
       [0.],
       [0.],
       [0.],
       [0.],
       [0.],
       [0.],
       [0.],
       [0.],
       [0.],
       [0.],
       [0.],
       [0.],
       [0.],
       [0.],
       [0.],
       [0.],
       [0.],
       [0.],
       [0.],
       [0.],
       [0.],
       [0.],
       [0.],
       [0.],
       [0.],
       [0.]]), 'start_frames_single': array([   0.,  260.,  520.,  780., 1040., 1300., 1560., 1820., 2080.,
       2340., 2600., 2860., 3120., 3380., 3640., 3900., 4160., 4420.,
       4680., 4940., 5200., 5460., 5720., 5980., 6240., 6500., 6760.,
       7020., 7280., 7540., 7800., 8060., 8320., 8580., 8840., 9100.,
       9360.])}
{'behavior_label': array([0., 0., 0., ..., 0., 0., 0.]), 'behavior_label_5s': array([[0.],
       [0.],
       [0.],
       [0.],
       [0.],
       [0.],
       [0.],
       [1.],
       [0.],
       [0.],
       [0.],
       [0.],
       [0.],
       [0.],
       [0.],
       [0.],
       [0.],
       [0.],
       [0.],
       [0.],
       [0.],
       [0.],
       [0.],
       [0.],
       [0.],
       [0.],
       [0.],
       [1.],
       [0.],
       [0.],
       [0.],
       [0.],
       [0.],
       [0.],
       [0.],
       [0.],
       [0.],
       [0.]]), 'start_frames_single': array([   0.,  260.,  520.,  780., 1040., 1300., 1560., 1820., 2080.,
       2340., 2600., 2860., 3120., 3380., 3640., 3900., 4160., 4420.,
       4680., 4940., 5200., 5460., 5720., 5980., 6240., 6500., 6760.,
       7020., 7280., 7540., 7800., 8060., 8320., 8580., 8840., 9100.,
       9360., 9620.])}
{'behavior_label': array([0., 0., 0., ..., 0., 0., 0.]), 'behavior_label_5s': array([[0.],
       [0.],
       [0.],
       [0.],
       [0.],
       [0.],
       [0.],
       [0.],
       [0.],
       [0.],
       [0.],
       [0.],
       [0.],
       [0.],
       [0.],
       [1.],
       [0.],
       [1.],
       [1.],
       [1.],
       [1.],
       [1.],
       [1.],
       [1.],
       [1.],
       [1.],
       [0.],
       [0.],
       [0.],
       [0.],
       [0.],
       [0.],
       [0.],
       [1.],
       [0.],
       [0.],
       [0.]]), 'start_frames_single': array([   0.,  260.,  520.,  780., 1040., 1300., 1560., 1820., 2080.,
       2340., 2600., 2860., 3120., 3380., 3640., 3900., 4160., 4420.,
       4680., 4940., 5200., 5460., 5720., 5980., 6240., 6500., 6760.,
       7020., 7280., 7540., 7800., 8060., 8320., 8580., 8840., 9100.,
       9360.])}
{'behavior_label': array([0., 0., 0., ..., 0., 0., 0.]), 'behavior_label_5s': array([[0.],
       [0.],
       [1.],
       [1.],
       [1.],
       [0.],
       [0.],
       [0.],
       [0.],
       [1.],
       [0.],
       [0.],
       [0.],
       [0.],
       [0.],
       [1.],
       [1.],
       [1.],
       [1.],
       [1.],
       [1.],
       [1.],
       [1.],
       [1.],
       [1.],
       [1.],
       [1.],
       [0.],
       [0.],
       [1.],
       [1.],
       [1.],
       [0.],
       [0.],
       [0.],
       [0.]]), 'start_frames_single': array([   0.,  260.,  520.,  780., 1040., 1300., 1560., 1820., 2080.,
       2340., 2600., 2860., 3120., 3380., 3640., 3900., 4160., 4420.,
       4680., 4940., 5200., 5460., 5720., 5980., 6240., 6500., 6760.,
       7020., 7280., 7540., 7800., 8060., 8320., 8580., 8840., 9100.])}
{'behavior_label': array([0., 0., 0.]), 'behavior_label_5s': array([0., 0., 0.]), 'start_frames_single': array([0., 0., 0.])}
{'behavior_label': array([0., 0., 0., ..., 0., 0., 0.]), 'behavior_label_5s': array([[0.],
       [0.],
       [0.],
       [0.],
       [0.],
       [0.],
       [0.],
       [0.],
       [0.],
       [0.],
       [0.],
       [0.],
       [0.],
       [0.],
       [0.],
       [0.],
       [0.],
       [0.],
       [0.],
       [0.],
       [0.],
       [0.],
       [0.],
       [0.],
       [1.],
       [0.],
       [0.],
       [0.],
       [0.],
       [0.],
       [0.],
       [0.],
       [0.],
       [0.],
       [0.],
       [0.],
       [0.]]), 'start_frames_single': array([   0.,  260.,  520.,  780., 1040., 1300., 1560., 1820., 2080.,
       2340., 2600., 2860., 3120., 3380., 3640., 3900., 4160., 4420.,
       4680., 4940., 5200., 5460., 5720., 5980., 6240., 6500., 6760.,
       7020., 7280., 7540., 7800., 8060., 8320., 8580., 8840., 9100.,
       9360.])}
{'behavior_label': array([0., 0., 0., ..., 0., 0., 0.]), 'behavior_label_5s': array([[0.],
       [0.],
       [0.],
       [0.],
       [0.],
       [0.],
       [0.],
       [0.],
       [0.],
       [0.],
       [0.],
       [0.],
       [0.],
       [0.],
       [0.],
       [0.],
       [0.],
       [0.],
       [0.],
       [0.],
       [0.],
       [0.],
       [0.],
       [0.],
       [0.],
       [0.],
       [0.],
       [0.],
       [0.],
       [0.],
       [0.],
       [1.],
       [0.],
       [0.],
       [0.],
       [0.],
       [0.]]), 'start_frames_single': array([   0.,  260.,  520.,  780., 1040., 1300., 1560., 1820., 2080.,
       2340., 2600., 2860., 3120., 3380., 3640., 3900., 4160., 4420.,
       4680., 4940., 5200., 5460., 5720., 5980., 6240., 6500., 6760.,
       7020., 7280., 7540., 7800., 8060., 8320., 8580., 8840., 9100.,
       9360.])}
{'behavior_label': array([1., 1., 1., ..., 0., 0., 0.]), 'behavior_label_5s': array([[1.],
       [0.],
       [0.],
       [0.],
       [0.],
       [0.],
       [0.],
       [1.],
       [0.],
       [1.],
       [1.],
       [1.],
       [1.],
       [0.],
       [0.],
       [1.],
       [0.],
       [0.],
       [1.],
       [1.],
       [0.],
       [0.],
       [0.]]), 'start_frames_single': array([   0.,  260.,  520.,  780., 1040., 1300., 1560., 1820., 2080.,
       2340., 2600., 2860., 3120., 3380., 3640., 3900., 4160., 4420.,
       4680., 4940., 5200., 5460., 5720.])}
{'behavior_label': array([0., 0., 0., ..., 0., 0., 0.]), 'behavior_label_5s': array([[1.],
       [1.],
       [0.],
       [0.],
       [0.],
       [0.],
       [0.],
       [0.],
       [0.],
       [0.],
       [0.],
       [0.],
       [0.],
       [0.],
       [1.],
       [1.],
       [0.],
       [1.],
       [0.],
       [0.]]), 'start_frames_single': array([   0.,  260.,  520.,  780., 1040., 1300., 1560., 1820., 2080.,
       2340., 2600., 2860., 3120., 3380., 3640., 3900., 4160., 4420.,
       4680., 4940.])}
{'behavior_label': array([0., 0., 0., ..., 0., 0., 0.]), 'behavior_label_5s': array([[0.],
       [0.],
       [0.],
       [0.],
       [0.],
       [0.],
       [0.],
       [0.],
       [0.],
       [0.],
       [0.],
       [0.],
       [0.],
       [0.],
       [0.],
       [0.],
       [0.],
       [0.],
       [0.],
       [0.],
       [0.],
       [0.],
       [1.],
       [1.],
       [0.],
       [1.],
       [0.],
       [0.],
       [0.],
       [0.],
       [0.],
       [0.],
       [0.],
       [1.],
       [0.]]), 'start_frames_single': array([   0.,  260.,  520.,  780., 1040., 1300., 1560., 1820., 2080.,
       2340., 2600., 3380., 3640., 3900., 4160., 4420., 4680., 4940.,
       5200., 5460., 5720., 5980., 6240., 6500., 6760., 7020., 7280.,
       7540., 7800., 8060., 8320., 8580., 8840., 9100., 9360.])}
{'behavior_label': array([0., 0., 0., ..., 0., 0., 0.]), 'behavior_label_5s': array([[0.],
       [0.],
       [0.],
       [0.],
       [0.],
       [0.],
       [0.],
       [0.],
       [0.],
       [1.],
       [0.],
       [0.],
       [0.],
       [0.],
       [0.],
       [0.],
       [0.],
       [0.],
       [0.],
       [0.],
       [0.],
       [0.],
       [0.],
       [0.],
       [0.],
       [0.],
       [0.],
       [0.],
       [0.],
       [0.],
       [0.]]), 'start_frames_single': array([   0.,  260.,  520.,  780., 1040., 1300., 1560., 1820., 2080.,
       2340., 2600., 2860., 3120., 3380., 3640., 3900., 4160., 4420.,
       4680., 4940., 5200., 5460., 5720., 5980., 6240., 6500., 6760.,
       7020., 7280., 7540., 7800.])}
{'behavior_label': array([0., 0., 0.]), 'behavior_label_5s': array([0., 0., 0.]), 'start_frames_single': array([0., 0., 0.])}
{'behavior_label': array([0., 0., 0., ..., 0., 0., 0.]), 'behavior_label_5s': array([[0.],
       [0.],
       [0.],
       [0.],
       [0.],
       [0.],
       [0.],
       [0.],
       [0.],
       [0.],
       [0.],
       [0.],
       [0.],
       [0.],
       [0.],
       [0.],
       [0.],
       [0.],
       [0.],
       [0.],
       [0.],
       [0.],
       [0.],
       [0.],
       [0.],
       [0.],
       [0.],
       [0.],
       [0.],
       [0.],
       [0.],
       [0.],
       [0.],
       [0.],
       [0.],
       [0.],
       [0.],
       [0.],
       [0.]]), 'start_frames_single': array([   0.,  260.,  520.,  780., 1040., 1300., 1560., 1820., 2080.,
       2340., 2600., 2860., 3120., 3380., 3640., 3900., 4160., 4420.,
       4680., 4940., 5200., 5460., 5720., 5980., 6240., 6500., 6760.,
       7020., 7280., 7540., 7800., 8060., 8320., 8580., 8840., 9100.,
       9360., 9620., 9880.])}
{'behavior_label': array([1., 1., 1., ..., 0., 0., 0.]), 'behavior_label_5s': array([[1.],
       [1.],
       [0.],
       [0.],
       [0.],
       [0.],
       [0.],
       [0.],
       [1.],
       [0.],
       [0.],
       [0.],
       [0.],
       [0.],
       [0.],
       [0.],
       [0.],
       [0.],
       [0.],
       [0.]]), 'start_frames_single': array([   0.,  260.,  520.,  780., 1040., 1300., 3900., 4160., 4420.,
       4680., 4940., 5200., 5460., 5720., 5980., 6240., 7540., 7800.,
       8060., 8320.])}
{'behavior_label': array([0., 0., 0., ..., 0., 0., 0.]), 'behavior_label_5s': array([[0.],
       [0.],
       [0.],
       [0.],
       [0.],
       [0.],
       [0.],
       [0.],
       [0.],
       [0.],
       [0.],
       [0.],
       [0.],
       [0.],
       [0.],
       [0.],
       [0.],
       [0.],
       [0.],
       [0.],
       [0.],
       [0.],
       [0.],
       [0.],
       [0.],
       [0.],
       [0.],
       [0.],
       [0.],
       [0.],
       [0.],
       [0.],
       [0.],
       [0.],
       [0.],
       [0.],
       [0.]]), 'start_frames_single': array([   0.,  260.,  520.,  780., 1040., 1300., 1560., 1820., 2080.,
       2340., 2600., 2860., 3120., 3380., 3640., 3900., 4160., 4420.,
       4680., 4940., 5200., 5460., 5720., 5980., 6240., 6500., 6760.,
       7020., 7280., 7540., 7800., 8060., 8320., 8580., 8840., 9100.,
       9360.])}
{'behavior_label': array([0., 0., 0., ..., 0., 0., 0.]), 'behavior_label_5s': array([[0.],
       [0.],
       [0.],
       [0.],
       [0.],
       [0.],
       [0.],
       [0.],
       [0.],
       [0.],
       [0.],
       [0.],
       [0.],
       [0.],
       [0.],
       [0.],
       [0.],
       [0.],
       [0.],
       [0.],
       [0.],
       [0.],
       [0.],
       [0.],
       [0.],
       [0.],
       [0.],
       [0.],
       [0.],
       [0.],
       [0.],
       [0.],
       [0.],
       [0.],
       [0.],
       [0.],
       [0.]]), 'start_frames_single': array([   0.,  260.,  520.,  780., 1040., 1300., 1560., 1820., 2080.,
       2340., 2600., 2860., 3120., 3380., 3640., 3900., 4160., 4420.,
       4680., 4940., 5200., 5460., 5720., 5980., 6240., 6500., 6760.,
       7020., 7280., 7540., 7800., 8060., 8320., 8580., 8840., 9100.,
       9360.])}
{'behavior_label': array([0., 0., 0., ..., 0., 0., 0.]), 'behavior_label_5s': array([[0.],
       [0.],
       [0.],
       [0.],
       [0.],
       [0.],
       [0.],
       [0.],
       [0.],
       [0.],
       [0.],
       [0.],
       [0.],
       [0.],
       [0.],
       [0.],
       [0.],
       [0.],
       [0.],
       [0.],
       [0.],
       [0.],
       [0.],
       [0.],
       [0.],
       [0.],
       [0.],
       [0.],
       [0.],
       [0.],
       [0.],
       [0.],
       [0.],
       [0.],
       [0.]]), 'start_frames_single': array([ 520.,  780., 1040., 1300., 1560., 1820., 2080., 2340., 2600.,
       2860., 3120., 3380., 3640., 3900., 4160., 4420., 4680., 4940.,
       5200., 5460., 5720., 5980., 6240., 6500., 6760., 7020., 7280.,
       7540., 7800., 8060., 8320., 8580., 8840., 9100., 9360.])}
{'behavior_label': array([1., 1., 1., ..., 1., 1., 1.]), 'behavior_label_5s': array([[1.],
       [0.],
       [0.],
       [1.],
       [0.],
       [1.],
       [1.],
       [0.],
       [0.],
       [0.],
       [0.],
       [0.],
       [0.],
       [1.],
       [0.],
       [0.],
       [0.],
       [0.],
       [0.],
       [0.],
       [0.],
       [1.],
       [0.],
       [0.],
       [0.],
       [0.],
       [1.],
       [1.],
       [0.],
       [0.],
       [0.],
       [0.],
       [0.],
       [0.],
       [0.],
       [0.],
       [1.]]), 'start_frames_single': array([   0.,  260.,  520.,  780., 1040., 1300., 1560., 1820., 2080.,
       2340., 2600., 2860., 3120., 3380., 3640., 3900., 4160., 4420.,
       4680., 4940., 5200., 5460., 5720., 5980., 6240., 6500., 6760.,
       7020., 7280., 7540., 7800., 8060., 8320., 8580., 8840., 9100.,
       9360.])}
{'behavior_label': array([0., 0., 0., ..., 0., 0., 0.]), 'behavior_label_5s': array([[0.],
       [0.],
       [0.],
       [0.],
       [0.],
       [0.],
       [0.],
       [0.],
       [0.],
       [0.],
       [0.],
       [0.],
       [0.],
       [0.],
       [0.],
       [0.],
       [0.],
       [0.],
       [0.],
       [0.],
       [0.],
       [0.],
       [0.],
       [0.],
       [0.],
       [0.],
       [0.],
       [0.],
       [0.],
       [0.],
       [0.],
       [0.],
       [0.],
       [0.],
       [0.],
       [0.],
       [0.],
       [0.],
       [0.],
       [0.],
       [0.],
       [0.],
       [0.],
       [0.]]), 'start_frames_single': array([    0.,   260.,   520.,   780.,  1040.,  1300.,  1560.,  1820.,
        2080.,  2340.,  2600.,  2860.,  3120.,  3380.,  3640.,  3900.,
        4160.,  4420.,  4680.,  4940.,  5200.,  5460.,  5720.,  5980.,
        6240.,  6500.,  6760.,  7020.,  7280.,  7540.,  7800.,  8060.,
        8320.,  8580.,  8840.,  9100.,  9360.,  9620.,  9880., 10140.,
       10400., 10660., 10920., 11180.])}
{'behavior_label': array([0., 0., 0., ..., 0., 0., 0.]), 'behavior_label_5s': array([[0.],
       [0.],
       [0.],
       [0.],
       [0.],
       [0.],
       [0.],
       [0.],
       [0.],
       [0.],
       [0.],
       [0.],
       [0.],
       [0.],
       [0.],
       [0.],
       [0.],
       [0.],
       [0.],
       [0.],
       [0.],
       [0.],
       [0.],
       [0.],
       [0.],
       [0.],
       [0.],
       [0.],
       [0.],
       [0.],
       [0.],
       [0.],
       [0.],
       [0.],
       [0.],
       [0.],
       [0.],
       [0.]]), 'start_frames_single': array([   0.,  260.,  520.,  780., 1040., 1300., 1560., 1820., 2080.,
       2340., 2600., 2860., 3120., 3380., 3640., 3900., 4160., 4420.,
       4680., 4940., 5200., 5460., 5720., 5980., 6240., 6500., 6760.,
       7020., 7280., 7540., 7800., 8060., 8320., 8580., 8840., 9100.,
       9360., 9620.])}
{'behavior_label': array([0., 0., 0., ..., 0., 0., 0.]), 'behavior_label_5s': array([[0.],
       [0.],
       [0.],
       [0.],
       [0.],
       [0.],
       [0.],
       [0.],
       [0.],
       [0.],
       [0.],
       [0.],
       [0.],
       [0.],
       [0.],
       [0.],
       [0.],
       [0.],
       [0.],
       [0.],
       [0.],
       [0.],
       [0.],
       [0.],
       [0.],
       [0.],
       [0.],
       [0.],
       [0.],
       [0.],
       [0.],
       [0.],
       [0.],
       [0.],
       [0.],
       [0.],
       [0.],
       [0.]]), 'start_frames_single': array([   0.,  260.,  520.,  780., 1040., 1300., 1560., 1820., 2080.,
       2340., 2600., 2860., 3120., 3380., 3640., 3900., 4160., 4420.,
       4680., 4940., 5200., 5460., 5720., 5980., 6240., 6500., 6760.,
       7020., 7280., 7540., 7800., 8060., 8320., 8580., 8840., 9100.,
       9360., 9620.])}
{'behavior_label': array([0., 0., 0., ..., 0., 0., 0.]), 'behavior_label_5s': array([[0.],
       [0.],
       [0.],
       [0.],
       [0.],
       [0.],
       [0.],
       [0.],
       [0.],
       [0.],
       [0.],
       [0.],
       [0.],
       [0.],
       [0.],
       [0.],
       [0.],
       [0.],
       [0.],
       [0.],
       [0.],
       [0.],
       [0.],
       [0.],
       [0.],
       [0.],
       [0.],
       [0.],
       [0.],
       [0.],
       [0.],
       [0.],
       [0.],
       [0.],
       [0.],
       [0.],
       [0.],
       [0.],
       [0.]]), 'start_frames_single': array([   0.,  260.,  520.,  780., 1040., 1300., 1560., 1820., 2080.,
       2340., 2600., 2860., 3120., 3380., 3640., 3900., 4160., 4420.,
       4680., 4940., 5200., 5460., 5720., 5980., 6240., 6500., 6760.,
       7020., 7280., 7540., 7800., 8060., 8320., 8580., 8840., 9100.,
       9360., 9620., 9880.])}
{'behavior_label': array([0., 0., 0., ..., 0., 0., 0.]), 'behavior_label_5s': array([[0.],
       [0.],
       [0.],
       [0.],
       [0.],
       [0.],
       [0.],
       [0.],
       [0.],
       [0.],
       [0.],
       [0.],
       [0.],
       [0.],
       [0.],
       [0.],
       [0.],
       [0.],
       [1.],
       [0.],
       [1.],
       [0.],
       [0.],
       [0.],
       [0.],
       [0.],
       [0.],
       [0.],
       [0.],
       [0.],
       [0.],
       [0.],
       [0.],
       [0.],
       [0.],
       [0.],
       [0.]]), 'start_frames_single': array([   0.,  260.,  520.,  780., 1040., 1300., 1560., 1820., 2080.,
       2340., 2600., 2860., 3120., 3380., 3640., 3900., 4160., 4420.,
       4680., 4940., 5200., 5460., 5720., 5980., 6240., 6500., 6760.,
       7020., 7280., 7540., 7800., 8060., 8320., 8580., 8840., 9100.,
       9360.])}
